area
505.245974
296.691099
317.845906
568.607845
951.625084
510.347451
174.246088
271.706837
262.193341
303.779823
574.118939
182.019758
324.931967
500.257205
557.542356
621.697469
583.116709
490.339853
515.663642
447.215778
562.182695
389.04239
379.062908
540.239782
434.836356
413.076377
667.838757
689.35592
607.755563
301.175143
316.549131
651.487496
600.48487
410.772915
284.10176
705.484356
1553.653869
1030.849312
310.851642
420.243061
339.14551
392.793009
323.044546
715.628186
354.661887
775.912109
754.179822
394.871419
314.236977
456.153388
450.199759
402.574127
397.507475
379.643026
428.339087
406.515479
423.003375
406.837161
1094.631521
398.274379
391.351351
240.314835
256.095809
347.523573
357.180117
961.540864
961.540881
446.519984
392.566342
478.531637
392.566341
392.566341
457.901298
632.012252
481.665311
588.36105
510.390128
459.341105
281.137264
790.604713
547.81173
646.592158
644.360481
549.210511
625.926843
317.030256
723.611878
503.488149
631.388804
896.498656
762.821655
737.192378
446.677833
296.998783
623.167907
475.582844
476.839792
373.842787
431.873353
439.452685
443.065786
472.442621
267.242208
516.641514
519.629487
866.680033
260.683876
290.984056
858.788002
1441.478902
578.611204
384.321682
379.805151
1018.490783
1267.264442
462.807852
410.280379
494.284161
545.084356
439.345202
424.276467
516.340235
442.018192
422.232486
406.812309
478.625693
420.088345
459.896523
518.130823
69.4966
543.337047
634.950069
565.903425
1357.411278
408.927422
546.553743
509.249997
439.772868
331.851565
454.495882
568.079876
1044.507902
463.761
526.91009
574.955046
780.331753
533.274072
667.874428
436.646534
314.860637
288.915344
556.080534
1281.256589
529.727569
966.384862
507.907852
522.483896
605.417583
725.451533
588.258724
557.208141
250.742769
610.970158
340.948716
376.570752
1372.556539
1351.943076
507.740411
511.292622
184.269322
479.139258
233.548649
194.089577
190.832188
209.519642
852.601579
598.326617
394.325789
489.515396
556.746172
501.440846
470.484342
198.428939
110.481818
545.06918
261.626925
496.872924
512.618168
285.143465
509.802859
593.785052
520.592933
563.707909
519.444339
544.457261
264.495758
538.783922
543.670598
606.74347
580.721715
542.841422
557.993052
536.064079
520.953844
531.369274
251.549054
248.138477
418.808827
643.397629
572.864379
484.545069
501.622179
545.06918
521.49588
482.297794
502.080864
250.249871
234.897346
300.555467
273.677927
763.586731
498.215875
499.234905
581.986445
269.275999
523.192996
780.378683
507.245897
485.962623
447.034784
520.441113
541.807034
472.257533
411.103264
529.792847
938.261755
390.835929
425.39918
1106.732418
513.825095
467.359268
507.009655
1094.736863
953.072255
625.053401
519.360443
644.051031
548.325319
582.516219
1288.302686
1048.007372
1297.641554
965.245139
980.293164
983.632549
1038.579378
963.283505
488.172933
995.009974
1032.627003
450.737923
587.808379
513.566415
1488.279948
550.434631
1024.96877
425.90495
515.974415
878.09247
1617.725455
1675.835348
878.465014
884.218434
887.63188
873.122605
581.828926
490.973754
1238.766497
728.582861
742.780108
413.71232
436.451327
383.629283
560.917534
734.183368
412.618176
411.000486
389.48372
385.022058
441.513188
403.870789
406.407965
396.526259
441.832598
367.026936
1101.060118
1251.29283
1077.654914
834.3844
401.78698
1072.691048
587.677773
463.673905
683.550944
780.106179
413.348724
566.085006
575.518777
507.144926
452.689605
467.330921
436.923507
471.307109
862.171153
447.864678
507.144926
467.330921
471.307109
862.171153
447.864678
462.023222
452.982411
443.425713
441.279478
709.001574
541.955109
601.720639
850.307854
623.622656
672.80177
329.812256
392.422097
316.197821
507.319174
485.992149
149.232776
110.811729
422.760807
176.642736
400.429362
386.002397
382.622834
460.880275
431.705704
405.952765
437.108819
392.375121
416.396785
502.032635
238.952673
385.940455
446.649108
427.302821
421.723322
448.267015
485.605803
405.645553
121.623933
233.792245
420.541976
428.040252
431.428788
429.227293
426.378295
502.404927
481.579596
1691.993044
1059.328408
1049.686527
1020.139481
1034.725577
1117.068918
1155.327336
1017.878278
1010.217683
1016.123898
996.723766
1006.731624
1439.543647
575.604976
1072.651674
1050.243625
1181.596115
434.620076
894.098833
466.294089
792.19341
469.512587
750.889986
465.528159
992.877797
406.794648
434.664594
768.077725
1163.72824
827.585054
781.528384
605.83001
1067.985471
1145.091398
578.903683
501.782702
1190.815499
487.807
545.5256
1042.854135
567.738145
511.4085
555.30959
1128.849725
423.373538
536.566428
557.096852
538.869272
553.589263
528.249474
598.099776
429.934494
530.683897
454.798963
935.386608
554.67593
488.828404
365.1897
347.981974
713.492096
500.594902
551.456202
361.562903
502.711002
338.7902
367.897
355.932703
483.65703
722.322201
368.704417
370.708997
827.679031
382.77385
376.819274
393.731929
407.033496
390.021092
386.649526
882.857271
1241.138823
857.923776
405.660305
339.2587
413.6421
352.924439
1113.674852
572.969869
596.40884
546.936614
501.718592
540.844444
509.301103
1159.019492
564.0874
505.425487
1191.729671
470.218799
437.393209
509.094799
504.566918
497.981545
1146.223966
1593.2815
783.3422
1540.581892
1540.581894
531.5009
472.039332
664.244522
340.417975
280.169649
338.728252
448.637
352.9433
332.914727
336.387454
389.087535
437.119607
314.313235
449.349021
267.818788
494.884212
549.808704
521.397872
439.96461
522.094126
489.021648
480.676722
530.564616
570.816491
503.386501
511.219207
448.909799
381.798034
510.297392
532.530065
429.577224
451.427134
378.467639
437.980635
529.702309
511.594842
462.467418
633.354915
288.333891
284.982769
712.329101
671.207661
508.115153
699.761929
337.724677
362.713595
324.1045
346.504682
305.706637
308.114829
294.836956
511.570206
452.905408
489.17692
483.280361
529.992347
495.782514
574.122099
553.617588
573.658249
607.117139
432.272525
506.719027
428.208415
457.243183
1844.810155
503.532136
476.166529
575.633467
538.316093
1077.046703
520.179203
504.341114
372.498352
432.790478
710.807398
590.822936
501.698752
496.400082
503.086891
439.942776
583.900208
904.990809
1170.269043
427.901443
300.751358
381.534389
269.092352
288.108778
257.699784
355.953827
378.106259
340.219802
0.000044
906.038115
1333.805826
545.738077
422.066244
510.887433
458.701821
2465.740388
560.617817
2050.779742
570.046203
521.49831
509.430367
1232.832608
608.018673
0.117337
568.633963
521.08026
595.726885
466.895634
928.382507
410.689169
96.6381
532.888585
822.637828
605.583055
655.21178
380.301219
1657.620117
2621.881112
363.912343
388.006571
492.425969
1031.864961
890.85436
336.708186
496.299181
363.205761
309.95952
400.361245
1051.038197
316.108812
292.572112
321.366309
307.736105
386.562099
550.552252
373.802596
347.433847
291.721639
384.748502
373.86226
544.144094
916.858529
540.539872
461.636742
1015.582823
470.114175
429.383148
603.131686
512.882064
1643.726326
516.389185
1709.07093
1080.137205
455.747344
473.858387
454.518328
923.723092
535.317577
342.549305
339.977755
1622.350073
656.667607
1153.105168
476.067249
675.460666
311.822635
328.965662
306.246742
325.209887
299.222249
349.257723
325.931716
354.498985
315.952992
402.012248
402.01225
359.7366
654.56553
627.59611
670.415934
599.599412
256.085062
293.055553
582.400994
278.600033
292.67347
645.167233
347.732555
751.049151
309.615763
321.230158
838.185514
565.230674
377.680934
640.002727
321.759672
342.405595
770.652208
635.303171
723.94516
570.590775
565.230686
675.865188
625.991938
326.806213
622.682261
703.61117
625.819598
673.258315
787.951282
702.91071
529.159805
79.384568
67.972494
621.29817
304.878416
321.830229
298.274691
697.576253
614.134565
676.738539
726.597142
313.989493
618.071402
616.687397
625.1823
658.853212
313.197988
716.627131
684.523033
707.966485
714.058288
320.022907
214.26672
675.221033
299.81414
417.196809
363.08607
371.938304
386.375524
461.834627
375.826931
559.279904
432.848683
439.189385
382.400221
323.157833
631.822398
434.926789
392.561253
400.397402
622.686317
338.296128
282.257274
333.180055
295.398449
355.339413
403.68275
351.013495
392.829917
356.743063
375.709502
338.508696
351.013495
409.150804
354.120697
254.61925
559.251042
620.952908
522.386807
357.929478
360.552992
672.768921
297.546685
455.622119
406.137122
329.357543
538.87228
389.337918
340.388766
324.018715
363.044326
355.612075
244.207255
385.259731
335.747148
506.010023
394.04379
402.429047
417.104518
420.144408
439.020829
388.950825
430.198834
403.736989
389.596347
396.639895
552.791846
481.397711
477.927616
548.951293
579.623946
487.199212
450.028922
3975.743278
468.386294
496.834702
509.926671
505.154154
968.741842
475.29887
481.014842
451.711772
463.767945
527.446279
580.894178
548.542839
513.329828
472.541773
541.410465
537.014702
560.592161
562.283897
517.502589
467.493483
424.423717
428.453161
457.957583
462.020411
493.998193
455.128974
473.636812
457.283995
420.130444
471.049475
383.618068
413.131718
393.351848
386.609492
440.781285
479.512953
453.706211
372.612475
393.971933
441.794035
473.322681
526.954685
515.633123
551.486564
420.144453
468.887432
363.15302
423.251463
434.322442
418.03854
410.772698
500.001064
515.911888
588.924101
467.79734
436.060361
384.937136
436.419139
564.341625
543.386184
473.280509
514.549338
397.841307
473.305815
483.931773
669.523828
474.017301
443.922807
377.046433
1484.882964
387.767164
488.536094
431.135917
465.67373
477.624895
502.50287
527.51751
506.004057
542.52196
650.257343
438.861028
429.608915
835.933262
591.205821
425.983768
546.586359
542.282186
420.137506
720.682411
472.240968
397.283377
449.677635
498.603664
990.500447
301.890556
419.783988
318.902303
438.635568
454.469567
469.580265
525.813297
440.523254
481.527306
443.346705
153.954253
418.598304
551.238512
406.865975
789.745106
395.204608
435.703027
501.1895
476.098422
464.484581
406.900159
390.990936
325.369105
327.197499
381.367098
418.713438
350.254649
340.379954
367.807025
411.321258
565.474368
466.306014
1089.177328
952.694258
1478.578359
432.93925
504.643315
1074.248447
492.713064
476.091701
496.507793
547.07375
501.27135
519.367002
416.276142
393.4641
415.805089
416.043918
470.247189
382.831313
933.803211
939.729334
223.703049
168.841671
9284.829286
40.0911
57.351987
51.624745
7.682
29.6489
32.7306
458.22135
126.9744
180.101568
14.408764
162.206051
90.6129
76.960071
45.485733
518.133375
466.220833
708.607685
782.536661
828.030797
830.50746
828.030802
830.507612
