19.561194
15.390052
16.17976
9.650032
12.88303
0.291425
6.231293
1.425497
12.119608
19.518566
19.193241
19.72728
11.129329
11.511317
14.842308
11.494895
11.247553
10.424878
13.639778
13.738922
12.754978
11.867503
11.948328
7.03521
20.882962
14.596917
11.236244
14.826238
14.593666
15.339114
15.812448
17.680228
23.659459
14.248701
12.263253
10.843812
15.166875
15.013439
15.108009
15.061423
14.228624
13.348474
8.073649
17.771324
17.235969
18.642993
15.651355
17.58858
19.410471
19.285334
13.154206
18.026418
17.950557
12.644969
11.980705
12.333727
16.653547
15.678572
16.584705
11.461632
8.352301
13.126443
12.951265
28.301529
24.92245
11.861919
12.653255
19.561697
14.074077
14.345602
12.273202
16.083827
13.140558
16.826205
13.057105
16.703973
22.097714
17.780055
15.370887
15.492976
13.941281
16.683672
17.256077
13.141157
12.038922
14.167439
14.837108
14.137109
12.805652
17.074428
18.724327
14.741309
14.014628
13.653787
13.942198
17.704258
13.884829
12.468744
16.745435
13.378868
10.190061
15.596359
16.435474
16.138912
17.801139
12.829972
17.294738
14.16863
15.204603
13.2649
13.234999
14.203004
13.266641
10.115013
19.80383
13.873779
14.015531
14.052041
13.943101
16.719408
15.644479
15.543725
15.469487
12.360974
13.090581
14.284996
14.166054
5.361809
15.823206
16.924583
22.66456
13.282327
13.134135
15.111762
8.980247
21.828456
12.023354
11.898817
13.670799
13.756237
12.436822
22.497494
16.321025
13.266361
22.164397
18.950563
30.922645
14.745846
18.660195
18.744568
30.548985
21.675184
22.959169
25.64968
23.925584
23.832805
23.52295
15.694977
16.427879
15.117684
21.269013
19.920987
12.448038
18.300477
15.769706
13.178415
21.227883
14.254217
17.266687
13.244926
13.280664
13.28031
21.27477
17.220406
14.10485
11.119464
14.900822
19.911641
13.686259
4.704898
4.475298
4.497056
13.168701
13.351173
15.454844
20.173077
11.871732
16.888595
11.530361
16.574596
20.270084
16.191372
14.873931
14.551528
14.086257
14.000152
19.923697
11.900006
12.781569
11.708899
13.635252
15.482001
13.473271
13.446233
13.079269
11.022898
10.882281
14.694443
15.383104
12.073324
15.73859
18.686254
11.413085
13.402135
13.038038
16.833676
12.757967
19.609719
13.448285
20.990253
18.742482
18.522078
10.29051
12.043924
14.994754
13.312137
12.624814
17.682972
17.935361
13.083132
17.507681
15.349477
13.899563
11.688943
15.190287
14.037424
17.934181
12.300078
12.420858
13.577701
12.715578
14.704656
16.795889
17.971979
18.131537
16.129171
15.172832
13.289936
16.415805
15.473293
13.451485
13.272849
12.940824
43.199875
41.782675
16.734273
39.243547
12.499332
17.751519
15.88874
13.03496
14.497436
14.559524
14.794302
14.455804
14.6138
14.664549
13.863666
13.895205
12.791358
13.201259
13.514379
13.676854
13.255418
16.381824
17.858328
13.88651
13.191919
14.255983
12.674872
12.558387
12.460284
12.016725
12.175529
11.636238
11.392154
11.457325
11.845678
11.961804
11.713782
11.119523
12.429949
12.107908
13.37077
13.160166
14.013112
13.185601
14.47017
14.463138
13.439734
13.682128
14.574756
14.53601
14.644452
14.60494
15.621337
13.683726
15.598736
13.63645
15.514369
13.525498
13.351592
13.335609
14.683726
14.63645
14.525498
14.351592
14.335609
15.111159
14.936409
14.569751
14.800477
11.717422
12.802254
12.800873
12.365957
12.685775
12.750453
13.981326
13.099979
7.404348
6.884858
6.856444
6.755072
6.587863
6.76552
6.617116
6.890606
6.948081
12.85344
9.899543
12.765623
11.603175
4.794721
13.15762
12.430641
8.656445
6.459137
6.214481
11.817975
12.274163
11.978482
13.733462
13.475942
11.206979
12.498394
12.394778
12.739164
12.297611
12.083024
11.878439
11.678781
11.520405
12.300309
12.662854
14.181527
13.694837
14.182977
13.613479
14.213677
14.386337
14.430306
14.896218
13.861922
15.382417
15.22382
13.21919
12.719167
13.304948
12.474865
12.975956
15.298375
12.234929
13.463816
13.559218
13.222141
13.509432
14.115668
12.936772
15.243385
13.89066
12.481046
13.877149
13.60785
12.613952
14.109944
14.78776
14.379286
13.720905
13.665511
13.063299
14.596441
13.498226
12.87968
18.580961
14.324894
12.029419
13.196333
13.477055
14.675267
15.629965
15.349863
15.872456
15.712017
12.449886
11.212678
12.373672
12.058388
13.060838
12.758215
12.752549
13.924144
12.664952
13.415938
13.01198
13.346135
13.390243
13.676737
14.020316
12.880451
15.16235
13.76216
13.669923
13.636692
13.462371
13.896436
15.268581
12.113518
15.992902
13.72118
13.62801
13.851088
14.158715
14.411909
14.62225
14.433193
14.476272
16.348094
13.973201
14.024754
10.826804
14.675675
15.481866
14.841056
10.886578
14.99027
14.092189
12.579407
12.240008
11.736915
11.802062
11.633362
12.198854
14.223125
12.780974
15.360621
23.386745
24.963831
17.026393
21.337588
13.044693
13.713198
12.993561
22.033896
21.898947
13.407883
13.659358
13.305306
14.244413
14.677855
15.16567
30.064663
29.419149
29.565817
30.057798
13.057939
13.645125
13.503166
13.921618
19.503577
18.514813
14.704017
15.688323
16.255313
16.87043
15.144327
13.389168
12.407322
12.812731
13.824611
14.804207
14.722912
12.360806
13.277114
16.130453
16.399473
16.592037
18.621636
15.31916
15.104971
11.924826
17.229404
12.820994
10.480268
12.034051
12.798889
11.939249
10.117466
9.544704
13.461487
13.649803
14.46936
11.874773
12.410863
14.885734
14.38127
14.816267
13.658345
14.017494
11.755279
12.087389
14.716159
14.412333
12.810826
12.587992
12.321242
15.111198
14.796949
15.425196
15.115879
15.857476
15.662816
13.944053
13.651071
13.360967
13.14995
13.27087
13.691138
14.05602
14.396975
13.380954
13.197069
20.954213
12.873074
15.123943
12.835437
5.820989
12.844113
12.039489
12.991494
12.944626
15.002537
7.98107
9.940505
12.824648
12.859426
13.964421
14.875435
13.81897
13.594063
14.085786
16.048392
16.310798
58.290914
11.874667
11.996291
13.084523
15.368877
10.71502
10.85457
11.0529
11.207838
11.322632
11.348825
17.163768
18.791241
4.711324
13.911634
14.090778
14.254396
14.365874
13.728755
13.98231
15.581515
14.59978
18.561225
13.585732
12.726697
15.503811
15.64565
15.717916
15.649609
15.574092
15.631342
15.465636
13.623161
13.552637
13.603425
12.636544
12.679836
12.767501
12.707593
12.625928
12.55691
12.734755
12.642911
14.677333
13.513688
16.519296
16.402499
15.203957
13.268012
13.330286
16.541055
16.373804
14.916995
15.184619
15.04058
15.063972
13.192669
13.522991
14.715097
15.841563
15.816379
12.718451
12.876289
15.913127
13.936932
15.924738
13.879289
15.787325
13.659595
14.367186
14.985007
14.737017
14.485156
12.028463
10.302707
12.778946
12.250844
14.599256
15.049262
11.606951
22.564971
15.288873
17.923541
16.107872
17.45906
16.661784
13.410163
14.094336
16.87984
10.802151
20.694952
11.387441
16.412569
16.199694
9.921721
6.984616
6.233068
11.79132
12.268774
12.023797
11.706778
9.080734
14.600041
17.625747
21.334825
15.93967
14.716227
14.222459
14.218456
9.675302
14.032882
11.607134
11.210796
20.197068
25.735849
3.310019
3.197959
12.741512
14.414946
10.507651
9.318598
15.985838
12.216179
10.903704
6.913104
12.3427
14.260383
14.350082
13.689346
13.238413
9.346356
9.459757
10.576205
9.970497
11.332848
11.194653
15.361352
11.078615
5.564279
3.672991
14.817792
9.048686
13.224513
12.43957
15.984747
11.713222
11.390911
11.204132
12.293429
12.171343
12.025422
8.824215
13.005645
9.18291
10.445459
9.700298
5.443986
11.678097
7.086375
12.133667
15.533706
8.630557
14.269226
15.996436
15.536966
14.030764
11.388557
12.035237
11.300516
11.774081
10.484104
10.275099
9.986817
10.88159
10.911046
8.715021
12.639317
13.819279
10.153126
11.367684
11.067885
11.334009
11.210303
10.962757
13.538073
13.710814
15.690476
15.526499
14.871848
10.317346
15.084357
15.531894
15.778711
16.015606
13.930589
13.677314
13.414821
13.161319
12.926167
14.198483
10.685462
13.580154
13.669413
13.473165
12.884409
11.83517
11.909422
13.958671
13.068267
13.252729
14.523821
9.967697
10.348422
13.843084
13.786947
10.166939
10.087974
10.833725
11.031991
10.623083
11.275124
12.634229
12.411508
12.535398
12.732177
12.80872
13.866331
12.629259
12.447659
12.561903
12.666006
13.30897
14.336123
12.525772
12.40317
8.853641
8.784516
11.995102
11.732634
11.111145
11.186538
10.943832
11.047901
10.769431
11.970908
15.762446
15.04157
12.659219
12.869345
13.101057
13.2528
13.3276
12.055872
12.286474
12.194316
12.382212
12.504973
12.502883
12.333739
16.563106
16.517507
12.820618
15.931803
12.912341
12.938156
12.922118
12.944154
12.938112
12.934266
12.935288
15.95265
14.945406
14.93391
14.939181
13.960346
13.977567
13.985602
13.9436
13.995091
17.016554
13.045642
9.55941
12.727189
14.038573
13.912407
14.180423
14.340713
14.520853
13.804032
13.636142
13.346419
13.527371
15.027842
15.108665
15.199931
14.09998
14.137056
14.200564
14.149937
14.217121
14.301856
14.556451
14.001256
13.961823
13.909747
15.943341
16.074313
14.108811
15.972363
14.983173
15.151353
14.457245
3.701245
13.701546
14.03048
14.042041
13.948192
14.019199
13.765015
13.777453
14.199731
13.786994
15.949152
15.96703
13.960272
13.904127
13.979169
13.842347
13.754538
13.899705
13.773777
13.848897
15.685539
15.63762
15.756853
13.301114
15.861788
14.5499
14.611881
13.651453
14.163348
14.257044
14.228236
14.186638
14.10158
14.07824
13.930465
14.514496
14.491825
14.737717
14.6334
13.534986
15.545897
4.706144
6.876702
6.087381
15.553083
4.901211
4.75522
2.865938
4.226726
4.702656
3.658402
7.148428
8.17907
7.447514
4.935065
7.612985
6.086172
7.580484
6.769939
15.922494
16.879975
14.850193
20.888704
17.853986
16.785605
16.87511
15.777618
10.956562
18.741738
